"V1","V2","V3","V4","V5","V6"
2.76948062641543,-1.89718614800194,0.339679227435417,0.194039568962426,0.728709899829617,1.04274188557075
-1.89718614800194,2.74498290524109,-0.0104641956492475,0.0816592967135449,-0.725053071990735,-1.09714468812254
0.339679227435417,-0.0104641956492475,2.36053575203151,1.37241906545274,1.10228564312727,-0.774538348872251
0.194039568962426,0.0816592967135449,1.37241906545274,2.22473702259164,0.846888032702431,-0.807006907558902
0.728709899829617,-0.725053071990735,1.10228564312727,0.846888032702431,2.01543644427595,-0.238782230768245
1.04274188557075,-1.09714468812254,-0.774538348872251,-0.807006907558902,-0.238782230768245,1.91734506123278
